#
# This matrix was created by Todd Lowe   12/10/92
#
# Uses ambiguous nucleotide codes, probabilities rounded to
#  nearest integer
#
# Lowest score = -4, Highest score = 5
#
    A   T   G   C   S   W   R   Y   K   M   B   V   H   D   N   U
A   5  -4  -4  -4  -4   5   5  -4  -4   5  -4  5  5  5  5  -4
T  -4   5  -4  -4  -4   5  -4   5   5  -4  5  -4  5  5  5   5
G  -4  -4   5  -4   5  -4   5  -4   5  -4  5  5  -4  5  5  -4
C  -4  -4  -4   5   5  -4  -4   5  -4   5  5  5  5  -4  5  -4
S  -4  -4   5   5  -4  -4  -4  -4  -4  -4  -4  -4  -4  -4  -4  -4
W   5   5  -4  -4  -4  -4  -4  -4  -4  -4  -4  -4  -4  -4  -4   1
R   5  -4   5  -4  -4  -4  -4  -4  -4  -4  -4  -4  -4  -4  -4  -4
Y  -4   5  -4   5  -4  -4  -4  -4  -4  -4  -4  -4  -4  -4  -4   1
K  -4   5   5  -4  -4  -4  -4  -4  -4  -4  -4  -4  -4  -4  -4   1
M   5  -4  -4   5  -4  -4  -4  -4  -4  -4  -4  -4  -4  -4  -4  -4
B  -4  5  5  5  -4  -4  -4  -4  -4  -4  -4  -4  -4  -4  -4  -4
V  5  -4  5  5  -4  -4  -4  -4  -4  -4  -4  -4  -4  -4  -4  -4
H  5  5  -4  5  -4  -4  -4  -4  -4  -4  -4  -4  -4  -4  -4  -4
D  5  5  5  -4  -4  -4  -4  -4  -4  -4  -4  -4  -4  -4  -4  -4
N  5  5  5  5  -4  -4  -4  -4  -4  -4  -4  -4  -4  -4  -4  -4
U  -4   5  -4  -4  -4   1  -4   1   1  -4  -4  -4  -4  -4  -4   5
